-0,0  -0,0  0,0  0,0  0,002
0,0  -238,68  -0,0  238,68  0,004
-5,33  -178,6  -0,0  178,67  0,006
-14,55  -133,0  -0,0  133,79  0,008
-23,49  -98,5  -0,0  101,26  0,01
-30,47  -72,52  -0,0  78,66  0,012
-35,28  -53,03  0,0  63,7  0,014
-37,79  -38,29  0,0  53,8  0,016
-38,46  -27,45  0,0  47,25  0,018000000000000002
-37,52  -19,56  0,0  42,31  0,020000000000000004
-35,85  -14,01  0,0  38,49  0,022000000000000006
-33,63  -10,01  0,0  35,09  0,024000000000000007
-30,94  -7,15  0,0  31,76  0,02600000000000001
-28,3  -5,18  0,0  28,77  0,02800000000000001
-25,66  -3,77  0,0  25,94  0,030000000000000013
-23,11  -2,76  0,0  23,27  0,032000000000000015
-20,67  -2,03  0,0  20,77  0,034000000000000016
-18,38  -1,5  0,0  18,44  0,03600000000000002
-16,32  -1,11  0,0  16,36  0,03800000000000002
-14,49  -0,8  0,0  14,52  0,04000000000000002
-12,82  -0,52  0,0  12,83  0,04200000000000002
-11,28  -0,27  0,0  11,28  0,044000000000000025
-9,88  -0,03  0,0  9,88  0,04600000000000003
-8,59  0,19  0,0  8,59  0,04800000000000003
-7,42  0,4  0,0  7,43  0,05000000000000003
-6,34  0,6  0,0  6,37  0,05200000000000003
-5,36  0,78  0,0  5,42  0,054000000000000034
-2,87  0,91  0,0  3,02  0,056000000000000036
-1,97  0,75  0,0  2,1  0,05800000000000004
-1,14  0,62  0,0  1,29  0,06000000000000004
-0,38  0,5  0,0  0,63  0,06200000000000004
0,31  0,4  0,0  0,51  0,06400000000000004
0,94  0,31  0,0  0,99  0,06600000000000004
2,2  0,2  0,0  2,21  0,06800000000000005
2,73  0,0  0,0  2,73  0,07000000000000005
3,22  -0,19  0,0  3,23  0,07200000000000005
4,76  -0,39  0,0  4,78  0,07400000000000005
5,17  -0,73  0,0  5,22  0,07600000000000005
5,54  -1,04  0,0  5,64  0,07800000000000006
1,95  -1,28  0,0  2,34  0,08000000000000006
5,03  -1,07  0,0  5,14  0,08200000000000006
5,3  -1,26  0,0  5,45  0,08400000000000006
5,51  -1,46  0,0  5,7  0,08600000000000006
10,71  -1,72  0,0  10,84  0,08800000000000006
10,88  -2,54  0,0  11,17  0,09000000000000007
11,23  -3,29  0,0  11,71  0,09200000000000007
1,29  -3,89  0,0  4,1  0,09400000000000007
1,54  -3,37  0,0  3,71  0,09600000000000007
10,08  -3,07  -0,0  10,54  0,09800000000000007
10,14  -3,71  0,0  10,79  0,10000000000000007
10,17  -4,31  -0,0  11,05  0,10200000000000008
10,2  -4,87  -0,0  11,3  0,10400000000000008
10,21  -5,4  -0,0  11,55  0,10600000000000008
10,21  -5,91  0,0  11,79  0,10800000000000008
11,98  -6,42  -0,0  13,59  0,11000000000000008
11,93  -7,08  0,0  13,87  0,11200000000000009
10,71  -7,69  -0,0  13,18  0,11400000000000009
10,65  -8,17  -0,0  13,42  0,11600000000000009
10,58  -8,65  -0,0  13,66  0,11800000000000009
10,49  -9,12  -0,0  13,9  0,12000000000000009
8,93  -9,57  -0,0  13,09  0,1220000000000001
-85,61  -9,24  -0,0  86,11  0,1240000000000001
-76,55  -1,06  -0,0  76,56  0,12600000000000008
-68,51  5,38  -0,0  68,72  0,12800000000000009
-61,35  10,36  -0,0  62,22  0,1300000000000001
-54,94  14,14  -0,0  56,73  0,1320000000000001
-49,19  16,92  -0,0  52,02  0,1340000000000001
-44,03  18,88  -0,0  47,9  0,1360000000000001
-39,38  20,18  -0,0  44,25  0,1380000000000001
-35,21  20,94  -0,0  40,96  0,1400000000000001
-31,45  21,28  -0,0  37,97  0,1420000000000001
-23,13  21,26  -0,0  31,42  0,1440000000000001
-20,65  20,63  -0,0  29,19  0,1460000000000001
-18,4  19,88  -0,0  27,09  0,1480000000000001
-17,06  19,05  -0,0  25,58  0,1500000000000001
-15,14  18,21  -0,0  23,68  0,1520000000000001
-13,4  17,32  -0,0  21,9  0,1540000000000001
-11,82  16,41  -0,0  20,23  0,1560000000000001
-10,4  15,48  -0,0  18,65  0,1580000000000001
-9,12  14,56  -0,0  17,18  0,16000000000000011
-7,96  13,65  -0,0  15,8  0,16200000000000012
-6,91  12,76  -0,0  14,51  0,16400000000000012
-5,96  11,89  -0,0  13,3  0,16600000000000012
-5,1  11,05  -0,0  12,17  0,16800000000000012
-4,32  10,25  -0,0  11,12  0,17000000000000012
-3,62  9,47  -0,0  10,14  0,17200000000000013
-2,98  8,74  -0,0  9,23  0,17400000000000013
-2,4  8,04  -0,0  8,39  0,17600000000000013
-1,88  7,37  -0,0  7,61  0,17800000000000013
-1,4  6,74  -0,0  6,89  0,18000000000000013
-0,97  6,15  -0,0  6,22  0,18200000000000013
-0,58  5,58  -0,0  5,61  0,18400000000000014
-0,22  5,06  -0,0  5,06  0,18600000000000014
0,11  4,56  -0,0  4,56  0,18800000000000014
0,4  4,09  -0,0  4,11  0,19000000000000014
0,67  3,65  -0,0  3,71  0,19200000000000014
0,92  3,24  -0,0  3,36  0,19400000000000014
1,14  2,85  -0,0  3,07  0,19600000000000015
1,34  2,48  -0,0  2,82  0,19800000000000015
1,53  2,14  -0,0  2,63  0,20000000000000015
1,7  1,82  -0,0  2,49  0,20200000000000015
51,26  1,48  0,0  51,28  0,20400000000000015
50,23  -1,45  -0,0  50,25  0,20600000000000016
49,23  -4,04  -0,0  49,4  0,20800000000000016
48,25  -6,33  -0,0  48,67  0,21000000000000016
47,29  -8,38  0,0  48,03  0,21200000000000016
46,35  -10,21  0,0  47,46  0,21400000000000016
45,41  -11,87  0,0  46,93  0,21600000000000016
44,47  -13,37  -0,0  46,44  0,21800000000000017
43,54  -14,75  0,0  45,97  0,22000000000000017
51,77  -16,02  -0,0  54,19  0,22200000000000017
54,92  -17,7  -0,0  57,7  0,22400000000000017
34,3  -19,48  -0,0  39,45  0,22600000000000017
33,38  -20,07  -0,0  38,95  0,22800000000000017
32,46  -20,66  -0,0  38,48  0,23000000000000018
31,54  -21,22  -0,0  38,02  0,23200000000000018
30,62  -21,78  -0,0  37,58  0,23400000000000018
29,7  -22,33  -0,0  37,16  0,23600000000000018
28,79  -22,88  -0,0  36,77  0,23800000000000018
27,87  -23,42  -0,0  36,4  0,24000000000000019
37,11  -23,97  -0,0  44,18  0,2420000000000002
13,53  -25,07  -0,0  28,49  0,2440000000000002
12,93  -24,83  -0,0  27,99  0,2460000000000002
12,33  -24,64  -0,0  27,55  0,2480000000000002
11,73  -24,51  -0,0  27,17  0,25000000000000017
11,13  -24,43  -0,0  26,84  0,25200000000000017
-13,62  -24,33  -0,0  27,88  0,25400000000000017
-13,01  -22,84  -0,0  26,29  0,25600000000000017
-12,44  -21,53  -0,0  24,87  0,2580000000000002
-11,91  -20,38  -0,0  23,6  0,2600000000000002
23,04  -19,44  -0,0  30,15  0,2620000000000002
-160,77  -20,28  -0,0  162,05  0,2640000000000002
-138,04  -10,14  -0,0  138,41  0,2660000000000002
0,24  -2,34  -0,0  2,35  0,2680000000000002
0,17  -3,32  -0,0  3,33  0,2700000000000002
-5,65  -4,2  -0,0  7,04  0,2720000000000002
-6,98  -4,64  -0,0  8,38  0,2740000000000002
-6,59  -4,95  -0,0  8,24  0,2760000000000002
-6,5  -5,24  -0,0  8,35  0,2780000000000002
-6,7  -5,5  -0,0  8,67  0,2800000000000002
-6,88  -5,72  -0,0  8,95  0,2820000000000002
-28,4  -5,86  -0,0  29,0  0,2840000000000002
-26,71  -4,73  -0,0  27,12  0,2860000000000002
-56,97  -3,72  -0,0  57,09  0,2880000000000002
-1,31  -1,13  -0,0  1,73  0,2900000000000002
5,06  -1,91  -0,0  5,41  0,2920000000000002
4,18  -2,98  -0,0  5,13  0,2940000000000002
-26,67  -3,85  -0,0  26,95  0,2960000000000002
4,45  -2,93  -0,0  5,32  0,2980000000000002
3,61  -3,83  -0,0  5,26  0,3000000000000002
2,83  -4,59  -0,0  5,4  0,3020000000000002
-27,67  -5,2  -0,0  28,16  0,3040000000000002
-25,89  -4,05  -0,0  26,21  0,3060000000000002
-24,25  -3,07  -0,0  24,44  0,3080000000000002
-22,73  -2,25  -0,0  22,84  0,3100000000000002
-62,16  -1,52  -0,0  62,18  0,3120000000000002
-55,27  1,34  -0,0  55,29  0,3140000000000002
-49,16  3,6  -0,0  49,29  0,3160000000000002
-43,75  5,33  -0,0  44,07  0,3180000000000002
-38,94  6,63  -0,0  39,5  0,32000000000000023
-34,68  7,57  -0,0  35,49  0,32200000000000023
-30,89  8,2  -0,0  31,96  0,32400000000000023
-33,64  8,6  -0,0  34,73  0,32600000000000023
-29,69  9,12  -0,0  31,06  0,32800000000000024
-26,22  9,39  -0,0  27,85  0,33000000000000024
-17,69  9,46  -0,0  20,06  0,33200000000000024
-15,82  9,1  -0,0  18,25  0,33400000000000024
-14,16  8,68  -0,0  16,61  0,33600000000000024
-25,85  8,25  -0,0  27,13  0,33800000000000024
-22,49  8,46  -0,0  24,03  0,34000000000000025
-19,57  8,48  -0,0  21,33  0,34200000000000025
-17,05  8,37  -0,0  18,99  0,34400000000000025
19,13  8,13  0,0  20,79  0,34600000000000025
17,33  6,13  0,0  18,38  0,34800000000000025
17,36  4,43  0,0  17,91  0,35000000000000026
15,74  2,91  -0,0  16,01  0,35200000000000026
14,26  1,63  -0,0  14,35  0,35400000000000026
12,9  0,55  -0,0  12,91  0,35600000000000026
-20,59  -0,34  -0,0  20,6  0,35800000000000026
-18,16  0,49  0,0  18,17  0,36000000000000026
-16,02  1,14  -0,0  16,06  0,36200000000000027
-14,15  1,61  -0,0  14,24  0,36400000000000027
-12,51  1,96  -0,0  12,66  0,36600000000000027
-11,06  2,19  -0,0  11,28  0,36800000000000027
-9,8  2,34  -0,0  10,07  0,3700000000000003
-8,69  2,41  -0,0  9,01  0,3720000000000003
-7,71  2,43  -0,0  8,08  0,3740000000000003
-6,85  2,4  -0,0  7,26  0,3760000000000003
-6,1  2,33  -0,0  6,53  0,3780000000000003
-5,44  2,24  -0,0  5,88  0,3800000000000003
-4,86  2,14  -0,0  5,3  0,3820000000000003
-4,34  2,01  -0,0  4,79  0,3840000000000003
-3,89  1,88  -0,0  4,33  0,3860000000000003
-3,5  1,75  -0,0  3,91  0,3880000000000003
-3,15  1,61  -0,0  3,54  0,3900000000000003
-2,84  1,47  -0,0  3,2  0,3920000000000003
-2,57  1,34  -0,0  2,9  0,3940000000000003
-2,34  1,2  -0,0  2,63  0,3960000000000003
-2,13  1,08  -0,0  2,38  0,3980000000000003
-1,94  0,96  -0,0  2,17  0,4000000000000003
-1,78  0,84  -0,0  1,97  0,4020000000000003
-7,8  0,73  -0,0  7,83  0,4040000000000003
-6,8  0,93  -0,0  6,86  0,4060000000000003
-5,94  1,05  -0,0  6,03  0,4080000000000003
-5,19  1,13  -0,0  5,31  0,4100000000000003
-4,54  1,16  -0,0  4,69  0,4120000000000003
-3,98  1,17  -0,0  4,15  0,4140000000000003
-3,5  1,14  -0,0  3,68  0,4160000000000003
-3,08  1,1  -0,0  3,27  0,4180000000000003
-2,71  1,04  -0,0  2,91  0,4200000000000003
-2,4  0,98  -0,0  2,59  0,4220000000000003
-2,13  0,91  -0,0  2,31  0,4240000000000003
-1,89  0,83  -0,0  2,07  0,4260000000000003
-1,69  0,75  -0,0  1,85  0,4280000000000003
-1,51  0,68  -0,0  1,65  0,4300000000000003
-1,35  0,6  -0,0  1,48  0,43200000000000033
-1,22  0,53  -0,0  1,33  0,43400000000000033
-1,11  0,46  -0,0  1,2  0,43600000000000033
-1,0  0,39  -0,0  1,08  0,43800000000000033
-0,87  0,33  -0,0  0,93  0,44000000000000034
-0,8  0,27  -0,0  0,85  0,44200000000000034
-0,74  0,21  -0,0  0,77  0,44400000000000034
-0,54  0,16  -0,0  0,56  0,44600000000000034
-0,51  0,1  -0,0  0,52  0,44800000000000034
-0,49  0,05  -0,0  0,49  0,45000000000000034
-0,47  0,01  -0,0  0,47  0,45200000000000035
-0,46  -0,03  -0,0  0,46  0,45400000000000035
-0,44  -0,07  -0,0  0,45  0,45600000000000035
-0,43  -0,1  -0,0  0,44  0,45800000000000035
-0,42  -0,13  -0,0  0,44  0,46000000000000035
-0,41  -0,15  -0,0  0,43  0,46200000000000035
-0,4  -0,17  -0,0  0,43  0,46400000000000036
-0,39  -0,19  -0,0  0,43  0,46600000000000036
-0,38  -0,2  -0,0  0,43  0,46800000000000036
-0,38  -0,22  -0,0  0,44  0,47000000000000036
-0,37  -0,23  -0,0  0,44  0,47200000000000036
-0,37  -0,24  -0,0  0,44  0,47400000000000037
-0,36  -0,25  -0,0  0,44  0,47600000000000037
-4,99  -0,25  0,0  5,0  0,47800000000000037
-4,3  -0,04  -0,0  4,3  0,48000000000000037
-3,71  0,12  -0,0  3,71  0,4820000000000004
-3,2  0,24  -0,0  3,21  0,4840000000000004
-2,77  0,32  -0,0  2,79  0,4860000000000004
-2,4  0,37  -0,0  2,43  0,4880000000000004
-2,08  0,4  -0,0  2,12  0,4900000000000004
-1,81  0,41  0,0  1,86  0,4920000000000004
-1,58  0,41  -0,0  1,63  0,4940000000000004
-1,38  0,4  -0,0  1,44  0,4960000000000004
-1,22  0,38  -0,0  1,27  0,4980000000000004
-1,07  0,35  -0,0  1,13  0,5000000000000003
-0,95  0,33  -0,0  1,0  0,5020000000000003
-0,84  0,29  -0,0  0,89  0,5040000000000003
-0,75  0,26  -0,0  0,8  0,5060000000000003
-0,68  0,23  -0,0  0,71  0,5080000000000003
-0,61  0,2  -0,0  0,64  0,5100000000000003
-0,55  0,17  -0,0  0,58  0,5120000000000003
-0,5  0,14  -0,0  0,52  0,5140000000000003
-0,46  0,11  -0,0  0,47  0,5160000000000003
-0,43  0,08  -0,0  0,43  0,5180000000000003
-0,39  0,06  -0,0  0,4  0,5200000000000004
-0,37  0,03  -0,0  0,37  0,5220000000000004
-0,35  0,01  -0,0  0,35  0,5240000000000004
-0,33  -0,01  -0,0  0,33  0,5260000000000004
-0,31  -0,02  -0,0  0,31  0,5280000000000004
-0,29  -0,04  -0,0  0,3  0,5300000000000004
-0,28  -0,06  -0,0  0,29  0,5320000000000004
-0,27  -0,07  -0,0  0,28  0,5340000000000004
-0,26  -0,08  -0,0  0,27  0,5360000000000004
-0,25  -0,09  -0,0  0,27  0,5380000000000004
-0,25  -0,1  -0,0  0,27  0,5400000000000004
-0,24  -0,11  -0,0  0,27  0,5420000000000004
-0,24  -0,12  -0,0  0,26  0,5440000000000004
-0,23  -0,12  -0,0  0,26  0,5460000000000004
-0,23  -0,13  -0,0  0,26  0,5480000000000004
-0,22  -0,13  -0,0  0,26  0,5500000000000004
-0,22  -0,14  -0,0  0,26  0,5520000000000004
-0,22  -0,14  -0,0  0,26  0,5540000000000004
-0,22  -0,14  -0,0  0,26  0,5560000000000004
-0,22  -0,15  -0,0  0,26  0,5580000000000004
-0,21  -0,15  -0,0  0,26  0,5600000000000004
-0,21  -0,15  -0,0  0,26  0,5620000000000004
-0,21  -0,15  -0,0  0,26  0,5640000000000004
-0,21  -0,15  -0,0  0,26  0,5660000000000004
-0,21  -0,15  -0,0  0,26  0,5680000000000004
-0,21  -0,15  -0,0  0,26  0,5700000000000004
-0,21  -0,15  -0,0  0,26  0,5720000000000004
-0,21  -0,15  -0,0  0,26  0,5740000000000004
-0,21  -0,15  -0,0  0,26  0,5760000000000004
-0,21  -0,15  -0,0  0,25  0,5780000000000004
-0,21  -0,15  -0,0  0,25  0,5800000000000004
-1,39  -0,15  -0,0  1,4  0,5820000000000004
-1,21  -0,09  -0,0  1,22  0,5840000000000004
-1,06  -0,04  -0,0  1,06  0,5860000000000004
-0,93  -0,01  -0,0  0,93  0,5880000000000004
-0,81  0,01  -0,0  0,81  0,5900000000000004
-0,72  0,02  -0,0  0,72  0,5920000000000004
-0,64  0,03  -0,0  0,64  0,5940000000000004
-0,57  0,04  -0,0  0,57  0,5960000000000004
-0,51  0,04  -0,0  0,51  0,5980000000000004
-0,46  0,03  -0,0  0,46  0,6000000000000004
-0,42  0,03  -0,0  0,42  0,6020000000000004
-0,38  0,02  -0,0  0,38  0,6040000000000004
-0,35  0,02  -0,0  0,35  0,6060000000000004
-0,33  0,01  -0,0  0,33  0,6080000000000004
-0,3  0,0  -0,0  0,3  0,6100000000000004
-0,28  -0,01  -0,0  0,28  0,6120000000000004
-0,27  -0,01  -0,0  0,27  0,6140000000000004
-0,25  -0,02  -0,0  0,25  0,6160000000000004
-0,24  -0,03  -0,0  0,24  0,6180000000000004
-0,23  -0,04  -0,0  0,23  0,6200000000000004
-0,22  -0,04  -0,0  0,23  0,6220000000000004
-0,21  -0,05  -0,0  0,22  0,6240000000000004
-0,21  -0,05  -0,0  0,22  0,6260000000000004
-0,2  -0,06  -0,0  0,21  0,6280000000000004
-0,2  -0,06  -0,0  0,21  0,6300000000000004
-0,19  -0,07  -0,0  0,21  0,6320000000000005
-0,19  -0,07  -0,0  0,2  0,6340000000000005
-0,19  -0,07  -0,0  0,2  0,6360000000000005
-0,18  -0,08  -0,0  0,2  0,6380000000000005
-0,18  -0,08  -0,0  0,2  0,6400000000000005
-0,18  -0,08  -0,0  0,2  0,6420000000000005
-0,18  -0,08  -0,0  0,2  0,6440000000000005
-0,18  -0,09  -0,0  0,2  0,6460000000000005
-0,18  -0,09  -0,0  0,2  0,6480000000000005
-0,17  -0,09  -0,0  0,2  0,6500000000000005
-0,17  -0,09  -0,0  0,2  0,6520000000000005
-0,17  -0,09  -0,0  0,2  0,6540000000000005
-0,17  -0,09  -0,0  0,19  0,6560000000000005
-0,17  -0,09  -0,0  0,19  0,6580000000000005
-0,17  -0,09  -0,0  0,19  0,6600000000000005
-0,17  -0,09  -0,0  0,19  0,6620000000000005
-0,17  -0,09  -0,0  0,19  0,6640000000000005
-0,17  -0,09  -0,0  0,19  0,6660000000000005
-0,17  -0,09  -0,0  0,19  0,6680000000000005
-0,17  -0,09  -0,0  0,19  0,6700000000000005
-0,17  -0,09  -0,0  0,19  0,6720000000000005
-0,17  -0,09  -0,0  0,19  0,6740000000000005
-0,17  -0,09  -0,0  0,19  0,6760000000000005
-0,17  -0,09  -0,0  0,19  0,6780000000000005
-0,17  -0,09  -0,0  0,19  0,6800000000000005
-0,17  -0,09  -0,0  0,19  0,6820000000000005
-0,17  -0,09  -0,0  0,19  0,6840000000000005
-0,17  -0,09  -0,0  0,19  0,6860000000000005
-0,17  -0,09  -0,0  0,19  0,6880000000000005
-0,17  -0,09  -0,0  0,19  0,6900000000000005
-0,16  -0,09  -0,0  0,19  0,6920000000000005
-0,16  -0,09  -0,0  0,19  0,6940000000000005
-0,16  -0,09  -0,0  0,19  0,6960000000000005
-0,16  -0,09  -0,0  0,19  0,6980000000000005
-0,16  -0,09  -0,0  0,19  0,7000000000000005
-0,16  -0,09  -0,0  0,18  0,7020000000000005
-0,16  -0,09  -0,0  0,18  0,7040000000000005
-0,16  -0,09  -0,0  0,18  0,7060000000000005
-0,16  -0,08  -0,0  0,18  0,7080000000000005
-0,16  -0,08  -0,0  0,18  0,7100000000000005
-3,06  -0,08  -0,0  3,06  0,7120000000000005
-2,59  0,06  -0,0  2,59  0,7140000000000005
-2,2  0,16  -0,0  2,21  0,7160000000000005
-1,87  0,23  -0,0  1,89  0,7180000000000005
-1,6  0,28  -0,0  1,62  0,7200000000000005
-1,36  0,31  0,0  1,4  0,7220000000000005
-1,17  0,32  -0,0  1,21  0,7240000000000005
-1,0  0,33  -0,0  1,05  0,7260000000000005
-0,86  0,32  -0,0  0,92  0,7280000000000005
-0,74  0,31  -0,0  0,81  0,7300000000000005
-0,64  0,3  -0,0  0,71  0,7320000000000005
-0,56  0,28  -0,0  0,63  0,7340000000000005
-0,49  0,26  -0,0  0,56  0,7360000000000005
-0,43  0,24  -0,0  0,49  0,7380000000000005
-0,38  0,22  -0,0  0,44  0,7400000000000005
-0,34  0,2  -0,0  0,39  0,7420000000000005
-0,3  0,17  -0,0  0,35  0,7440000000000005
-0,27  0,15  -0,0  0,31  0,7460000000000006
-0,25  0,13  -0,0  0,28  0,7480000000000006
-0,23  0,12  -0,0  0,25  0,7500000000000006
-0,21  0,1  -0,0  0,23  0,7520000000000006
-0,19  0,08  -0,0  0,21  0,7540000000000006
-0,18  0,07  -0,0  0,19  0,7560000000000006
-0,17  0,05  -0,0  0,18  0,7580000000000006
-0,16  0,04  -0,0  0,16  0,7600000000000006
-0,15  0,03  -0,0  0,15  0,7620000000000006
-0,14  0,02  -0,0  0,14  0,7640000000000006
-0,14  0,01  -0,0  0,14  0,7660000000000006
-0,13  -0,0  -0,0  0,13  0,7680000000000006
-0,13  -0,01  -0,0  0,13  0,7700000000000006
-0,12  -0,02  -0,0  0,13  0,7720000000000006
-0,12  -0,02  -0,0  0,12  0,7740000000000006
-0,12  -0,03  -0,0  0,12  0,7760000000000006
-0,12  -0,03  -0,0  0,12  0,7780000000000006
-0,12  -0,04  -0,0  0,12  0,7800000000000006
-0,11  -0,04  -0,0  0,12  0,7820000000000006
-0,11  -0,04  -0,0  0,12  0,7840000000000006
-0,11  -0,05  -0,0  0,12  0,7860000000000006
-0,11  -0,05  -0,0  0,12  0,7880000000000006
-0,11  -0,05  -0,0  0,12  0,7900000000000006
-0,11  -0,05  -0,0  0,12  0,7920000000000006
-0,11  -0,06  -0,0  0,12  0,7940000000000006
-0,11  -0,06  -0,0  0,12  0,7960000000000006
-0,11  -0,06  -0,0  0,12  0,7980000000000006
-0,11  -0,06  -0,0  0,12  0,8000000000000006
-0,11  -0,06  -0,0  0,12  0,8020000000000006
-0,11  -0,06  -0,0  0,12  0,8040000000000006
-0,1  -0,06  -0,0  0,12  0,8060000000000006
-0,1  -0,06  -0,0  0,12  0,8080000000000006
-0,1  -0,06  -0,0  0,12  0,8100000000000006
-0,1  -0,06  -0,0  0,12  0,8120000000000006
-0,1  -0,06  -0,0  0,12  0,8140000000000006
-0,1  -0,06  -0,0  0,12  0,8160000000000006
-0,1  -0,06  -0,0  0,12  0,8180000000000006
-0,1  -0,06  -0,0  0,12  0,8200000000000006
-0,1  -0,06  -0,0  0,12  0,8220000000000006
-0,1  -0,06  -0,0  0,12  0,8240000000000006
-0,1  -0,06  -0,0  0,12  0,8260000000000006
-0,1  -0,06  -0,0  0,12  0,8280000000000006
-0,1  -0,06  -0,0  0,12  0,8300000000000006
-0,1  -0,06  -0,0  0,12  0,8320000000000006
-0,1  -0,06  -0,0  0,12  0,8340000000000006
-0,1  -0,06  -0,0  0,12  0,8360000000000006
348,98  -10,73  -0,0  349,14  0,8380000000000006
353,64  -10,7  -0,0  353,8  0,8400000000000006
359,32  -10,69  -0,0  359,48  0,8420000000000006
360,94  -10,55  -0,0  361,1  0,8440000000000006
359,95  -10,34  -0,0  360,1  0,8460000000000006
357,64  -10,1  -0,0  357,78  0,8480000000000006
355,01  -9,88  -0,0  355,15  0,8500000000000006
352,35  -9,67  -0,0  352,48  0,8520000000000006
349,68  -9,48  -0,0  349,81  0,8540000000000006
347,03  -9,31  -0,0  347,15  0,8560000000000006
344,42  -9,15  -0,0  344,54  0,8580000000000007
341,86  -9,01  -0,0  341,98  0,8600000000000007
339,38  -8,88  -0,0  339,5  0,8620000000000007
336,98  -8,76  -0,0  337,09  0,8640000000000007
334,67  -8,66  -0,0  334,78  0,8660000000000007
332,44  -8,57  -0,0  332,55  0,8680000000000007
330,32  -8,49  -0,0  330,43  0,8700000000000007
328,29  -8,41  -0,0  328,39  0,8720000000000007
326,3  -8,35  -0,0  326,41  0,8740000000000007
324,34  -8,28  -0,0  324,44  0,8760000000000007
322,4  -8,23  -0,0  322,5  0,8780000000000007
320,49  -8,17  -0,0  320,59  0,8800000000000007
318,62  -8,12  -0,0  318,73  0,8820000000000007
316,81  -8,08  -0,0  316,91  0,8840000000000007
315,06  -8,03  -0,0  315,16  0,8860000000000007
313,37  -8,0  -0,0  313,48  0,8880000000000007
311,77  -7,96  -0,0  311,87  0,8900000000000007
310,24  -7,93  -0,0  310,34  0,8920000000000007
308,8  -7,9  -0,0  308,9  0,8940000000000007
307,44  -7,87  -0,0  307,54  0,8960000000000007
306,18  -7,85  -0,0  306,28  0,8980000000000007
305,01  -7,83  -0,0  305,11  0,9000000000000007
303,93  -7,81  -0,0  304,03  0,9020000000000007
302,93  -7,8  -0,0  303,03  0,9040000000000007
302,02  -7,78  -0,0  302,12  0,9060000000000007
301,2  -7,77  -0,0  301,3  0,9080000000000007
300,45  -7,76  -0,0  300,55  0,9100000000000007
299,78  -7,75  -0,0  299,88  0,9120000000000007
299,18  -7,74  -0,0  299,28  0,9140000000000007
298,65  -7,74  -0,0  298,75  0,9160000000000007
298,19  -7,73  -0,0  298,29  0,9180000000000007
297,79  -7,73  -0,0  297,89  0,9200000000000007
297,44  -7,73  -0,0  297,54  0,9220000000000007
297,14  -7,72  -0,0  297,24  0,9240000000000007
296,88  -7,72  -0,0  296,98  0,9260000000000007
296,66  -7,72  -0,0  296,76  0,9280000000000007
296,47  -7,72  -0,0  296,57  0,9300000000000007
296,31  -7,72  -0,0  296,41  0,9320000000000007
296,17  -7,72  -0,0  296,27  0,9340000000000007
296,06  -7,72  -0,0  296,16  0,9360000000000007
295,96  -7,72  -0,0  296,06  0,9380000000000007
295,88  -7,72  -0,0  295,98  0,9400000000000007
295,81  -7,72  -0,0  295,91  0,9420000000000007
295,76  -7,72  -0,0  295,86  0,9440000000000007
295,71  -7,72  -0,0  295,81  0,9460000000000007
295,67  -7,72  -0,0  295,77  0,9480000000000007
295,64  -7,71  -0,0  295,74  0,9500000000000007
295,62  -7,71  -0,0  295,72  0,9520000000000007
295,6  -7,71  -0,0  295,7  0,9540000000000007
295,59  -7,71  -0,0  295,69  0,9560000000000007
295,58  -7,71  -0,0  295,68  0,9580000000000007
295,57  -7,71  -0,0  295,67  0,9600000000000007
295,57  -7,71  -0,0  295,67  0,9620000000000007
295,57  -7,71  -0,0  295,67  0,9640000000000007
295,57  -7,71  -0,0  295,67  0,9660000000000007
295,57  -7,71  -0,0  295,67  0,9680000000000007
295,57  -7,7  -0,0  295,67  0,9700000000000008
295,58  -7,7  -0,0  295,68  0,9720000000000008
295,58  -7,7  -0,0  295,68  0,9740000000000008
295,58  -7,7  -0,0  295,68  0,9760000000000008
295,59  -7,7  -0,0  295,69  0,9780000000000008
295,59  -7,7  -0,0  295,69  0,9800000000000008
295,6  -7,7  -0,0  295,7  0,9820000000000008
295,6  -7,69  -0,0  295,7  0,9840000000000008
295,61  -7,69  -0,0  295,71  0,9860000000000008
295,61  -7,69  -0,0  295,71  0,9880000000000008
295,62  -7,69  -0,0  295,72  0,9900000000000008
295,62  -7,69  -0,0  295,72  0,9920000000000008
295,63  -7,69  -0,0  295,73  0,9940000000000008
295,63  -7,68  -0,0  295,73  0,9960000000000008
295,64  -7,68  -0,0  295,74  0,9980000000000008
295,64  -7,68  -0,0  295,74  1,0000000000000007
295,65  -7,68  -0,0  295,74  1,0020000000000007
295,65  -7,68  -0,0  295,75  1,0040000000000007
295,65  -7,68  -0,0  295,75  1,0060000000000007
295,66  -7,67  -0,0  295,75  1,0080000000000007
295,66  -7,67  -0,0  295,76  1,0100000000000007
295,66  -7,67  -0,0  295,76  1,0120000000000007
295,66  -7,67  -0,0  295,76  1,0140000000000007
295,67  -7,67  -0,0  295,77  1,0160000000000007
295,67  -7,67  -0,0  295,77  1,0180000000000007
295,67  -7,66  -0,0  295,77  1,0200000000000007
295,67  -7,66  -0,0  295,77  1,0220000000000007
295,68  -7,66  -0,0  295,77  1,0240000000000007
295,68  -7,66  -0,0  295,78  1,0260000000000007
295,68  -7,66  -0,0  295,78  1,0280000000000007
295,68  -7,66  -0,0  295,78  1,0300000000000007
295,68  -7,65  -0,0  295,78  1,0320000000000007
295,68  -7,65  -0,0  295,78  1,0340000000000007
295,69  -7,65  -0,0  295,78  1,0360000000000007
295,69  -7,65  -0,0  295,79  1,0380000000000007
295,69  -7,65  -0,0  295,79  1,0400000000000007
295,69  -7,64  -0,0  295,79  1,0420000000000007
295,69  -7,64  -0,0  295,79  1,0440000000000007
295,69  -7,64  -0,0  295,79  1,0460000000000007
295,69  -7,64  -0,0  295,79  1,0480000000000007
295,7  -7,64  -0,0  295,79  1,0500000000000007
295,7  -7,64  -0,0  295,8  1,0520000000000007
295,7  -7,63  -0,0  295,8  1,0540000000000007
295,7  -7,63  -0,0  295,8  1,0560000000000007
295,7  -7,63  -0,0  295,8  1,0580000000000007
295,7  -7,63  -0,0  295,8  1,0600000000000007
295,7  -7,63  -0,0  295,8  1,0620000000000007
295,7  -7,62  -0,0  295,8  1,0640000000000007
295,71  -7,62  -0,0  295,8  1,0660000000000007
295,71  -7,62  -0,0  295,8  1,0680000000000007
295,71  -7,62  -0,0  295,81  1,0700000000000007
295,71  -7,62  -0,0  295,81  1,0720000000000007
295,71  -7,62  -0,0  295,81  1,0740000000000007
295,71  -7,61  -0,0  295,81  1,0760000000000007
295,71  -7,61  -0,0  295,81  1,0780000000000007
295,71  -7,61  -0,0  295,81  1,0800000000000007
295,71  -7,61  -0,0  295,81  1,0820000000000007
295,72  -7,61  -0,0  295,81  1,0840000000000007
295,72  -7,61  -0,0  295,81  1,0860000000000007
295,72  -7,6  -0,0  295,81  1,0880000000000007
295,72  -7,6  -0,0  295,82  1,0900000000000007
295,72  -7,6  -0,0  295,82  1,0920000000000007
295,72  -7,6  -0,0  295,82  1,0940000000000007
295,72  -7,6  -0,0  295,82  1,0960000000000008
295,72  -7,59  -0,0  295,82  1,0980000000000008
295,72  -7,59  -0,0  295,82  1,1000000000000008
295,72  -7,59  -0,0  295,82  1,1020000000000008
295,73  -7,59  -0,0  295,82  1,1040000000000008
295,73  -7,59  -0,0  295,82  1,1060000000000008
295,73  -7,59  -0,0  295,83  1,1080000000000008
295,73  -7,58  -0,0  295,83  1,1100000000000008
295,73  -7,58  -0,0  295,83  1,1120000000000008
295,73  -7,58  -0,0  295,83  1,1140000000000008
295,73  -7,58  -0,0  295,83  1,1160000000000008
295,73  -7,58  -0,0  295,83  1,1180000000000008
295,73  -7,57  -0,0  295,83  1,1200000000000008
295,74  -7,57  -0,0  295,83  1,1220000000000008
295,74  -7,57  -0,0  295,83  1,1240000000000008
295,74  -7,57  -0,0  295,83  1,1260000000000008
295,74  -7,57  -0,0  295,84  1,1280000000000008
295,74  -7,57  -0,0  295,84  1,1300000000000008
295,74  -7,56  -0,0  295,84  1,1320000000000008
295,74  -7,56  -0,0  295,84  1,1340000000000008
295,74  -7,56  -0,0  295,84  1,1360000000000008
295,74  -7,56  -0,0  295,84  1,1380000000000008
295,75  -7,56  -0,0  295,84  1,1400000000000008
295,75  -7,55  -0,0  295,84  1,1420000000000008
295,75  -7,55  -0,0  295,84  1,1440000000000008
295,75  -7,55  -0,0  295,85  1,1460000000000008
295,75  -7,55  -0,0  295,85  1,1480000000000008
295,75  -7,55  -0,0  295,85  1,1500000000000008
295,75  -7,55  -0,0  295,85  1,1520000000000008
295,75  -7,54  -0,0  295,85  1,1540000000000008
295,75  -7,54  -0,0  295,85  1,1560000000000008
295,76  -7,54  -0,0  295,85  1,1580000000000008
295,76  -7,54  -0,0  295,85  1,1600000000000008
295,76  -7,54  -0,0  295,85  1,1620000000000008
295,76  -7,54  -0,0  295,85  1,1640000000000008
295,76  -7,53  -0,0  295,86  1,1660000000000008
295,76  -7,53  -0,0  295,86  1,1680000000000008
295,76  -7,53  -0,0  295,86  1,1700000000000008
295,76  -7,53  -0,0  295,86  1,1720000000000008
295,76  -7,53  -0,0  295,86  1,1740000000000008
295,77  -7,52  -0,0  295,86  1,1760000000000008
295,77  -7,52  -0,0  295,86  1,1780000000000008
295,77  -7,52  -0,0  295,86  1,1800000000000008
295,77  -7,52  -0,0  295,86  1,1820000000000008
295,77  -7,52  -0,0  295,87  1,1840000000000008
295,77  -7,52  -0,0  295,87  1,1860000000000008
295,77  -7,51  -0,0  295,87  1,1880000000000008
295,77  -7,51  -0,0  295,87  1,1900000000000008
295,77  -7,51  -0,0  295,87  1,1920000000000008
295,78  -7,51  -0,0  295,87  1,1940000000000008
295,78  -7,51  -0,0  295,87  1,1960000000000008
295,78  -7,5  -0,0  295,87  1,1980000000000008
295,78  -7,5  -0,0  295,87  1,2000000000000008
295,78  -7,5  -0,0  295,88  1,2020000000000008
295,78  -7,5  -0,0  295,88  1,2040000000000008
295,78  -7,5  -0,0  295,88  1,2060000000000008
295,78  -7,5  -0,0  295,88  1,2080000000000009
295,78  -7,49  -0,0  295,88  1,2100000000000009
295,79  -7,49  -0,0  295,88  1,2120000000000009
295,79  -7,49  -0,0  295,88  1,2140000000000009
295,79  -7,49  -0,0  295,88  1,2160000000000009
295,79  -7,49  -0,0  295,88  1,2180000000000009
295,79  -7,48  -0,0  295,88  1,2200000000000009
295,79  -7,48  -0,0  295,89  1,2220000000000009
295,79  -7,48  -0,0  295,89  1,2240000000000009
295,79  -7,48  -0,0  295,89  1,2260000000000009
295,79  -7,48  -0,0  295,89  1,2280000000000009
295,8  -7,48  -0,0  295,89  1,2300000000000009
295,8  -7,47  -0,0  295,89  1,2320000000000009
295,8  -7,47  -0,0  295,89  1,2340000000000009
295,8  -7,47  -0,0  295,89  1,2360000000000009
295,8  -7,47  -0,0  295,89  1,2380000000000009
295,8  -7,47  -0,0  295,9  1,2400000000000009
295,8  -7,46  -0,0  295,9  1,2420000000000009
295,8  -7,46  -0,0  295,9  1,2440000000000009
295,8  -7,46  -0,0  295,9  1,2460000000000009
295,81  -7,46  -0,0  295,9  1,2480000000000009
295,81  -7,46  -0,0  295,9  1,2500000000000009
295,81  -7,46  -0,0  295,9  1,252000000000001
295,81  -7,45  -0,0  295,9  1,254000000000001
295,81  -7,45  -0,0  295,9  1,256000000000001
295,81  -7,45  -0,0  295,9  1,258000000000001
295,81  -7,45  -0,0  295,91  1,260000000000001
295,81  -7,45  -0,0  295,91  1,262000000000001
295,81  -7,44  -0,0  295,91  1,264000000000001
295,82  -7,44  -0,0  295,91  1,266000000000001
295,82  -7,44  -0,0  295,91  1,268000000000001
295,82  -7,44  -0,0  295,91  1,270000000000001
295,82  -7,44  -0,0  295,91  1,272000000000001
295,82  -7,44  -0,0  295,91  1,274000000000001
295,82  -7,43  -0,0  295,91  1,276000000000001
295,82  -7,43  -0,0  295,92  1,278000000000001
295,82  -7,43  -0,0  295,92  1,280000000000001
295,82  -7,43  -0,0  295,92  1,282000000000001
295,83  -7,43  -0,0  295,92  1,284000000000001
295,83  -7,42  -0,0  295,92  1,286000000000001
295,83  -7,42  -0,0  295,92  1,288000000000001
295,83  -7,42  -0,0  295,92  1,290000000000001
295,83  -7,42  -0,0  295,92  1,292000000000001
295,83  -7,42  -0,0  295,92  1,294000000000001
295,83  -7,42  -0,0  295,93  1,296000000000001
295,83  -7,41  -0,0  295,93  1,298000000000001
295,83  -7,41  -0,0  295,93  1,300000000000001
295,84  -7,41  -0,0  295,93  1,302000000000001
295,84  -7,41  -0,0  295,93  1,304000000000001
295,84  -7,41  -0,0  295,93  1,306000000000001
295,84  -7,4  -0,0  295,93  1,308000000000001
295,84  -7,4  -0,0  295,93  1,310000000000001
295,84  -7,4  -0,0  295,93  1,312000000000001
295,84  -7,4  -0,0  295,93  1,314000000000001
295,84  -7,4  -0,0  295,94  1,316000000000001
295,84  -7,4  -0,0  295,94  1,318000000000001
295,85  -7,39  -0,0  295,94  1,320000000000001
295,85  -7,39  -0,0  295,94  1,322000000000001
295,85  -7,39  -0,0  295,94  1,324000000000001
295,85  -7,39  -0,0  295,94  1,326000000000001
295,85  -7,39  -0,0  295,94  1,328000000000001
295,85  -7,38  -0,0  295,94  1,330000000000001
295,85  -7,38  -0,0  295,94  1,332000000000001
295,85  -7,38  -0,0  295,95  1,334000000000001
295,85  -7,38  -0,0  295,95  1,336000000000001
295,86  -7,38  -0,0  295,95  1,338000000000001
295,86  -7,38  -0,0  295,95  1,340000000000001
295,86  -7,37  -0,0  295,95  1,342000000000001
295,86  -7,37  -0,0  295,95  1,344000000000001
295,86  -7,37  -0,0  295,95  1,346000000000001
295,86  -7,37  -0,0  295,95  1,348000000000001
295,86  -7,37  -0,0  295,95  1,350000000000001
295,86  -7,36  -0,0  295,96  1,352000000000001
295,86  -7,36  -0,0  295,96  1,354000000000001
295,87  -7,36  -0,0  295,96  1,356000000000001
295,87  -7,36  -0,0  295,96  1,358000000000001
295,87  -7,36  -0,0  295,96  1,360000000000001
295,87  -7,35  -0,0  295,96  1,362000000000001
295,87  -7,35  -0,0  295,96  1,364000000000001
295,87  -7,35  -0,0  295,96  1,366000000000001
295,87  -7,35  -0,0  295,96  1,368000000000001
295,87  -7,35  -0,0  295,96  1,370000000000001
295,87  -7,35  -0,0  295,97  1,372000000000001
295,88  -7,34  -0,0  295,97  1,374000000000001
295,88  -7,34  -0,0  295,97  1,376000000000001
295,88  -7,34  -0,0  295,97  1,378000000000001
295,88  -7,34  -0,0  295,97  1,380000000000001
295,88  -7,34  -0,0  295,97  1,382000000000001
295,88  -7,33  -0,0  295,97  1,384000000000001
295,88  -7,33  -0,0  295,97  1,386000000000001
295,88  -7,33  -0,0  295,97  1,388000000000001
295,88  -7,33  -0,0  295,98  1,390000000000001
295,89  -7,33  -0,0  295,98  1,392000000000001
295,89  -7,33  -0,0  295,98  1,394000000000001
295,89  -7,32  -0,0  295,98  1,396000000000001
295,89  -7,32  -0,0  295,98  1,398000000000001
295,89  -7,32  -0,0  295,98  1,400000000000001
295,89  -7,32  -0,0  295,98  1,402000000000001
295,89  -7,32  -0,0  295,98  1,404000000000001
295,89  -7,31  -0,0  295,98  1,406000000000001
295,9  -7,31  -0,0  295,99  1,408000000000001
295,9  -7,31  -0,0  295,99  1,410000000000001
295,9  -7,31  -0,0  295,99  1,412000000000001
295,9  -7,31  -0,0  295,99  1,414000000000001
295,9  -7,31  -0,0  295,99  1,416000000000001
295,9  -7,3  -0,0  295,99  1,418000000000001
295,9  -7,3  -0,0  295,99  1,420000000000001
295,9  -7,3  -0,0  295,99  1,422000000000001
295,9  -7,3  -0,0  295,99  1,424000000000001
295,91  -7,3  -0,0  296,0  1,426000000000001
295,91  -7,29  -0,0  296,0  1,428000000000001
295,91  -7,29  -0,0  296,0  1,430000000000001
295,91  -7,29  -0,0  296,0  1,432000000000001
295,91  -7,29  -0,0  296,0  1,434000000000001
295,91  -7,29  -0,0  296,0  1,436000000000001
295,91  -7,28  -0,0  296,0  1,438000000000001
295,91  -7,28  -0,0  296,0  1,440000000000001
295,91  -7,28  -0,0  296,0  1,442000000000001
295,92  -7,28  -0,0  296,0  1,444000000000001
295,92  -7,28  -0,0  296,01  1,446000000000001
295,92  -7,28  -0,0  296,01  1,448000000000001
295,92  -7,27  -0,0  296,01  1,450000000000001
295,92  -7,27  -0,0  296,01  1,452000000000001
295,92  -7,27  -0,0  296,01  1,454000000000001
295,92  -7,27  -0,0  296,01  1,456000000000001
295,92  -7,27  -0,0  296,01  1,458000000000001
295,92  -7,26  -0,0  296,01  1,460000000000001
295,93  -7,26  -0,0  296,01  1,462000000000001
295,93  -7,26  -0,0  296,02  1,464000000000001
295,93  -7,26  -0,0  296,02  1,466000000000001
295,93  -7,26  -0,0  296,02  1,468000000000001
295,93  -7,26  -0,0  296,02  1,470000000000001
295,93  -7,25  -0,0  296,02  1,472000000000001
295,93  -7,25  -0,0  296,02  1,474000000000001
295,93  -7,25  -0,0  296,02  1,476000000000001
295,93  -7,25  -0,0  296,02  1,478000000000001
295,94  -7,25  -0,0  296,02  1,480000000000001
295,94  -7,24  -0,0  296,03  1,482000000000001
295,94  -7,24  -0,0  296,03  1,484000000000001
295,94  -7,24  -0,0  296,03  1,486000000000001
295,94  -7,24  -0,0  296,03  1,488000000000001
295,94  -7,24  -0,0  296,03  1,490000000000001
295,94  -7,23  -0,0  296,03  1,492000000000001
295,94  -7,23  -0,0  296,03  1,494000000000001
295,94  -7,23  -0,0  296,03  1,496000000000001
295,95  -7,23  -0,0  296,03  1,498000000000001
295,95  -7,23  -0,0  296,04  1,500000000000001
295,95  -7,23  -0,0  296,04  1,5020000000000011
295,95  -7,22  -0,0  296,04  1,5040000000000011
295,95  -7,22  -0,0  296,04  1,5060000000000011
295,95  -7,22  -0,0  296,04  1,5080000000000011
295,95  -7,22  -0,0  296,04  1,5100000000000011
295,95  -7,22  -0,0  296,04  1,5120000000000011
295,96  -7,21  -0,0  296,04  1,5140000000000011
295,96  -7,21  -0,0  296,04  1,5160000000000011
295,96  -7,21  -0,0  296,05  1,5180000000000011
295,96  -7,21  -0,0  296,05  1,5200000000000011
295,96  -7,21  -0,0  296,05  1,5220000000000011
295,96  -7,2  -0,0  296,05  1,5240000000000011
295,96  -7,2  -0,0  296,05  1,5260000000000011
295,96  -7,2  -0,0  296,05  1,5280000000000011
295,96  -7,2  -0,0  296,05  1,5300000000000011
295,95  -1,61  -0,0  295,96  1,5320000000000011
295,95  -1,61  -0,0  295,96  1,5340000000000011
295,95  -1,62  -0,0  295,96  1,5360000000000011
295,95  -1,62  -0,0  295,96  1,5380000000000011
295,95  -1,63  -0,0  295,96  1,5400000000000011
295,95  -1,63  -0,0  295,96  1,5420000000000011
295,96  -1,63  -0,0  295,96  1,5440000000000011
295,96  -1,63  -0,0  295,96  1,5460000000000012
295,96  -1,63  -0,0  295,96  1,5480000000000012
295,96  -1,63  -0,0  295,96  1,5500000000000012
295,96  -1,63  -0,0  295,97  1,5520000000000012
295,96  -1,63  -0,0  295,97  1,5540000000000012
295,96  -1,64  -0,0  295,97  1,5560000000000012
295,97  -1,64  -0,0  295,97  1,5580000000000012
295,97  -1,64  -0,0  295,97  1,5600000000000012
295,97  -1,63  -0,0  295,97  1,5620000000000012
295,97  -1,63  -0,0  295,97  1,5640000000000012
295,97  -1,63  -0,0  295,97  1,5660000000000012
295,93  2,27  0,0  295,94  1,5680000000000012
295,93  2,26  0,0  295,94  1,5700000000000012
295,93  2,26  0,0  295,94  1,5720000000000012
295,93  2,25  0,0  295,94  1,5740000000000012
295,93  2,25  0,0  295,94  1,5760000000000012
295,95  0,22  -0,0  295,95  1,5780000000000012
295,97  -1,65  -0,0  295,97  1,5800000000000012
295,97  -1,65  -0,0  295,98  1,5820000000000012
295,97  -1,65  -0,0  295,98  1,5840000000000012
295,98  -1,64  -0,0  295,98  1,5860000000000012
295,96  0,24  -0,0  295,96  1,5880000000000012
295,94  2,26  0,0  295,95  1,5900000000000012
295,94  2,25  0,0  295,94  1,5920000000000012
295,97  -1,65  -0,0  295,98  1,5940000000000012
295,98  -1,65  -0,0  295,98  1,5960000000000012
295,96  0,23  -0,0  295,96  1,5980000000000012
295,96  0,23  -0,0  295,96  1,6000000000000012
295,94  2,26  0,0  295,95  1,6020000000000012
295,98  -1,65  -0,0  295,98  1,6040000000000012
295,98  -1,65  -0,0  295,98  1,6060000000000012
295,97  0,23  -0,0  295,97  1,6080000000000012
295,94  2,26  0,0  295,95  1,6100000000000012
295,96  0,23  -0,0  295,96  1,6120000000000012
295,98  -1,65  -0,0  295,98  1,6140000000000012
295,98  -1,65  -0,0  295,98  1,6160000000000012
295,94  2,26  0,0  295,95  1,6180000000000012
295,96  0,23  -0,0  295,96  1,6200000000000012
295,96  0,23  -0,0  295,96  1,6220000000000012
295,98  -1,65  -0,0  295,98  1,6240000000000012
295,96  0,23  -0,0  295,97  1,6260000000000012
295,96  0,23  -0,0  295,96  1,6280000000000012
295,96  0,23  -0,0  295,96  1,6300000000000012
295,96  0,23  -0,0  295,96  1,6320000000000012
295,96  0,23  -0,0  295,96  1,6340000000000012
295,98  -1,65  -0,0  295,98  1,6360000000000012
295,96  0,23  -0,0  295,96  1,6380000000000012
295,94  2,26  0,0  295,95  1,6400000000000012
295,96  0,23  -0,0  295,96  1,6420000000000012
295,98  -1,65  -0,0  295,98  1,6440000000000012
295,98  -1,65  -0,0  295,98  1,6460000000000012
295,96  0,24  -0,0  295,97  1,6480000000000012
295,94  2,26  0,0  295,95  1,6500000000000012
295,96  0,23  -0,0  295,96  1,6520000000000012
295,98  -1,65  -0,0  295,98  1,6540000000000012
295,98  -1,65  -0,0  295,98  1,6560000000000012
295,94  2,26  0,0  295,95  1,6580000000000013
295,96  0,23  -0,0  295,96  1,6600000000000013
295,96  0,23  -0,0  295,96  1,6620000000000013
295,98  -1,65  -0,0  295,98  1,6640000000000013
295,96  0,23  -0,0  295,96  1,6660000000000013
295,96  0,23  -0,0  295,96  1,6680000000000013
295,96  0,23  -0,0  295,96  1,6700000000000013
295,96  0,23  -0,0  295,96  1,6720000000000013
295,96  0,23  -0,0  295,96  1,6740000000000013
295,96  0,23  -0,0  295,96  1,6760000000000013
295,98  -1,65  -0,0  295,98  1,6780000000000013
295,96  0,23  -0,0  295,96  1,6800000000000013
295,96  0,23  -0,0  295,96  1,6820000000000013
295,94  2,26  0,0  295,95  1,6840000000000013
295,97  -1,65  -0,0  295,98  1,6860000000000013
295,98  -1,65  -0,0  295,98  1,6880000000000013
295,96  0,23  -0,0  295,96  1,6900000000000013
295,94  2,26  0,0  295,95  1,6920000000000013
295,96  0,23  -0,0  295,96  1,6940000000000013
295,98  -1,65  -0,0  295,98  1,6960000000000013
295,98  -1,65  -0,0  295,98  1,6980000000000013
295,94  2,26  0,0  295,95  1,7000000000000013
295,96  0,23  -0,0  295,96  1,7020000000000013
295,96  0,23  -0,0  295,96  1,7040000000000013
295,98  -1,65  -0,0  295,98  1,7060000000000013
295,96  0,23  -0,0  295,96  1,7080000000000013
295,96  0,23  -0,0  295,96  1,7100000000000013
295,96  0,23  -0,0  295,96  1,7120000000000013
295,96  0,23  -0,0  295,96  1,7140000000000013
295,96  0,23  -0,0  295,96  1,7160000000000013
295,98  -1,65  -0,0  295,98  1,7180000000000013
295,96  0,23  -0,0  295,96  1,7200000000000013
295,94  2,26  0,0  295,95  1,7220000000000013
295,98  -1,65  -0,0  295,98  1,7240000000000013
295,96  0,23  -0,0  295,96  1,7260000000000013
295,96  0,23  -0,0  295,96  1,7280000000000013
295,98  -1,65  -0,0  295,98  1,7300000000000013
295,96  0,23  -0,0  295,96  1,7320000000000013
295,94  2,26  0,0  295,95  1,7340000000000013
295,96  0,23  -0,0  295,96  1,7360000000000013
295,98  -1,65  -0,0  295,98  1,7380000000000013
295,98  -1,65  -0,0  295,98  1,7400000000000013
295,96  0,24  -0,0  295,96  1,7420000000000013
295,94  2,26  0,0  295,95  1,7440000000000013
295,96  0,23  -0,0  295,96  1,7460000000000013
295,96  0,23  -0,0  295,96  1,7480000000000013
295,98  -1,65  -0,0  295,98  1,7500000000000013
295,98  -1,65  -0,0  295,98  1,7520000000000013
295,94  2,26  0,0  295,95  1,7540000000000013
295,96  0,23  -0,0  295,96  1,7560000000000013
295,96  0,23  -0,0  295,96  1,7580000000000013
295,98  -1,65  -0,0  295,98  1,7600000000000013
295,96  0,23  -0,0  295,96  1,7620000000000013
295,96  0,23  -0,0  295,96  1,7640000000000013
295,96  0,23  -0,0  295,96  1,7660000000000013
295,96  0,23  -0,0  295,96  1,7680000000000013
295,96  0,23  -0,0  295,96  1,7700000000000014
295,96  0,23  -0,0  295,96  1,7720000000000014
295,98  -1,65  -0,0  295,98  1,7740000000000014
295,96  0,23  -0,0  295,96  1,7760000000000014
295,96  0,23  -0,0  295,96  1,7780000000000014
295,96  0,23  -0,0  295,96  1,7800000000000014
295,96  0,23  -0,0  295,96  1,7820000000000014
295,96  0,23  -0,0  295,96  1,7840000000000014
295,96  0,23  -0,0  295,96  1,7860000000000014
295,98  -1,65  -0,0  295,98  1,7880000000000014
295,96  0,23  -0,0  295,96  1,7900000000000014
295,96  0,23  -0,0  295,96  1,7920000000000014
295,94  2,26  0,0  295,95  1,7940000000000014
295,97  -1,65  -0,0  295,98  1,7960000000000014
295,98  -1,65  -0,0  295,98  1,7980000000000014
295,96  0,23  -0,0  295,96  1,8000000000000014
295,94  2,26  0,0  295,95  1,8020000000000014
295,96  0,23  -0,0  295,96  1,8040000000000014
295,98  -1,65  -0,0  295,98  1,8060000000000014
295,98  -1,65  -0,0  295,98  1,8080000000000014
295,94  2,26  0,0  295,95  1,8100000000000014
295,96  0,23  -0,0  295,96  1,8120000000000014
295,96  0,23  -0,0  295,96  1,8140000000000014
295,98  -1,65  -0,0  295,98  1,8160000000000014
295,96  0,23  -0,0  295,96  1,8180000000000014
295,96  0,23  -0,0  295,96  1,8200000000000014
295,96  0,23  -0,0  295,96  1,8220000000000014
295,96  0,23  -0,0  295,96  1,8240000000000014
295,96  0,23  -0,0  295,96  1,8260000000000014
295,98  -1,65  -0,0  295,98  1,8280000000000014
295,96  0,23  -0,0  295,96  1,8300000000000014
295,94  2,26  0,0  295,95  1,8320000000000014
295,98  -1,65  -0,0  295,98  1,8340000000000014
295,96  0,23  -0,0  295,96  1,8360000000000014
295,96  0,23  -0,0  295,96  1,8380000000000014
295,98  -1,65  -0,0  295,98  1,8400000000000014
295,96  0,23  -0,0  295,96  1,8420000000000014
295,94  2,26  0,0  295,95  1,8440000000000014
295,96  0,23  -0,0  295,96  1,8460000000000014
295,98  -1,65  -0,0  295,98  1,8480000000000014
295,98  -1,65  -0,0  295,98  1,8500000000000014
295,96  0,24  -0,0  295,96  1,8520000000000014
295,94  2,26  0,0  295,95  1,8540000000000014
295,96  0,23  -0,0  295,96  1,8560000000000014
295,96  0,23  -0,0  295,96  1,8580000000000014
295,98  -1,65  -0,0  295,98  1,8600000000000014
295,98  -1,65  -0,0  295,98  1,8620000000000014
295,94  2,26  0,0  295,95  1,8640000000000014
295,96  0,23  -0,0  295,96  1,8660000000000014
295,96  0,23  -0,0  295,96  1,8680000000000014
295,98  -1,65  -0,0  295,98  1,8700000000000014
295,96  0,23  -0,0  295,96  1,8720000000000014
295,96  0,23  -0,0  295,96  1,8740000000000014
295,96  0,23  -0,0  295,96  1,8760000000000014
295,96  0,23  -0,0  295,96  1,8780000000000014
295,96  0,23  -0,0  295,96  1,8800000000000014
295,96  0,23  -0,0  295,96  1,8820000000000014
295,98  -1,65  -0,0  295,98  1,8840000000000015
295,96  0,23  -0,0  295,96  1,8860000000000015
295,96  0,23  -0,0  295,96  1,8880000000000015
295,96  0,23  -0,0  295,96  1,8900000000000015
295,96  0,23  -0,0  295,96  1,8920000000000015
295,96  0,23  -0,0  295,96  1,8940000000000015
295,96  0,23  -0,0  295,96  1,8960000000000015
295,98  -1,65  -0,0  295,98  1,8980000000000015
295,96  0,23  -0,0  295,96  1,9000000000000015
295,96  0,23  -0,0  295,96  1,9020000000000015
295,94  2,26  0,0  295,95  1,9040000000000015
295,97  -1,65  -0,0  295,98  1,9060000000000015
295,98  -1,65  -0,0  295,98  1,9080000000000015
295,96  0,23  -0,0  295,96  1,9100000000000015
295,94  2,26  0,0  295,95  1,9120000000000015
295,96  0,23  -0,0  295,96  1,9140000000000015
295,98  -1,65  -0,0  295,98  1,9160000000000015
295,98  -1,65  -0,0  295,98  1,9180000000000015
295,94  2,26  0,0  295,95  1,9200000000000015
295,96  0,23  -0,0  295,96  1,9220000000000015
295,96  0,23  -0,0  295,96  1,9240000000000015
295,98  -1,65  -0,0  295,98  1,9260000000000015
295,96  0,23  -0,0  295,96  1,9280000000000015
295,96  0,23  -0,0  295,96  1,9300000000000015
295,96  0,23  -0,0  295,96  1,9320000000000015
295,96  0,23  -0,0  295,96  1,9340000000000015
295,96  0,23  -0,0  295,96  1,9360000000000015
295,98  -1,65  -0,0  295,98  1,9380000000000015
295,96  0,23  -0,0  295,96  1,9400000000000015
295,94  2,26  0,0  295,95  1,9420000000000015
295,96  0,23  -0,0  295,96  1,9440000000000015
295,98  -1,65  -0,0  295,98  1,9460000000000015
295,98  -1,65  -0,0  295,98  1,9480000000000015
295,96  0,24  -0,0  295,96  1,9500000000000015
295,94  2,26  0,0  295,95  1,9520000000000015
295,96  0,23  -0,0  295,96  1,9540000000000015
295,98  -1,65  -0,0  295,98  1,9560000000000015
295,98  -1,65  -0,0  295,98  1,9580000000000015
295,94  2,26  0,0  295,95  1,9600000000000015
295,96  0,23  -0,0  295,96  1,9620000000000015
295,96  0,23  -0,0  295,96  1,9640000000000015
295,98  -1,65  -0,0  295,98  1,9660000000000015
295,96  0,23  -0,0  295,96  1,9680000000000015
295,96  0,23  -0,0  295,96  1,9700000000000015
295,96  0,23  -0,0  295,96  1,9720000000000015
295,96  0,23  -0,0  295,96  1,9740000000000015
295,96  0,23  -0,0  295,96  1,9760000000000015
295,96  0,23  -0,0  295,96  1,9780000000000015
295,98  -1,65  -0,0  295,98  1,9800000000000015
295,96  0,23  -0,0  295,96  1,9820000000000015
295,96  0,23  -0,0  295,96  1,9840000000000015
295,94  2,26  0,0  295,95  1,9860000000000015
295,97  -1,65  -0,0  295,98  1,9880000000000015
295,98  -1,65  -0,0  295,98  1,9900000000000015
295,96  0,23  -0,0  295,96  1,9920000000000015
295,94  2,26  0,0  295,95  1,9940000000000015
295,96  0,23  -0,0  295,96  1,9960000000000016
295,98  -1,65  -0,0  295,98  1,9980000000000016
295,98  -1,65  -0,0  295,98  2,0000000000000013
295,94  2,26  0,0  295,95  2,002000000000001
295,96  0,23  -0,0  295,96  2,004000000000001
295,96  0,23  -0,0  295,96  2,0060000000000007
295,98  -1,65  -0,0  295,98  2,0080000000000005
295,96  0,23  -0,0  295,96  2,0100000000000002
295,96  0,23  -0,0  295,96  2,012
295,96  0,23  -0,0  295,96  2,014
295,96  0,23  -0,0  295,96  2,0159999999999996
295,96  0,23  -0,0  295,96  2,0179999999999993
295,98  -1,65  -0,0  295,98  2,019999999999999
295,96  0,23  -0,0  295,96  2,021999999999999
295,94  2,26  0,0  295,95  2,0239999999999987
295,98  -1,65  -0,0  295,98  2,0259999999999985
295,96  0,23  -0,0  295,96  2,0279999999999982
295,96  0,23  -0,0  295,96  2,029999999999998
295,98  -1,65  -0,0  295,98  2,031999999999998
295,96  0,23  -0,0  295,96  2,0339999999999976
295,94  2,26  0,0  295,95  2,0359999999999974
295,96  0,23  -0,0  295,96  2,037999999999997
295,98  -1,65  -0,0  295,98  2,039999999999997
295,98  -1,65  -0,0  295,98  2,0419999999999967
295,96  0,24  -0,0  295,96  2,0439999999999965
295,94  2,26  0,0  295,95  2,0459999999999963
295,96  0,23  -0,0  295,96  2,047999999999996
295,96  0,23  -0,0  295,96  2,049999999999996
295,98  -1,65  -0,0  295,98  2,0519999999999956
295,98  -1,65  -0,0  295,98  2,0539999999999954
295,94  2,26  0,0  295,95  2,055999999999995
295,96  0,23  -0,0  295,96  2,057999999999995
295,96  0,23  -0,0  295,96  2,0599999999999947
295,98  -1,65  -0,0  295,98  2,0619999999999945
295,96  0,23  -0,0  295,96  2,0639999999999943
295,96  0,23  -0,0  295,96  2,065999999999994
295,96  0,23  -0,0  295,96  2,067999999999994
295,96  0,23  -0,0  295,96  2,0699999999999936
295,96  0,23  -0,0  295,96  2,0719999999999934
295,96  0,23  -0,0  295,96  2,073999999999993
295,98  -1,65  -0,0  295,98  2,075999999999993
295,96  0,23  -0,0  295,96  2,0779999999999927
295,96  0,23  -0,0  295,96  2,0799999999999925
295,96  0,23  -0,0  295,96  2,0819999999999923
295,96  0,23  -0,0  295,96  2,083999999999992
295,96  0,23  -0,0  295,96  2,085999999999992
295,96  0,23  -0,0  295,96  2,0879999999999916
295,98  -1,65  -0,0  295,98  2,0899999999999914
295,96  0,23  -0,0  295,96  2,091999999999991
295,96  0,23  -0,0  295,96  2,093999999999991
295,94  2,26  0,0  295,95  2,0959999999999908
295,97  -1,65  -0,0  295,98  2,0979999999999905
295,98  -1,65  -0,0  295,98  2,0999999999999903
295,96  0,23  -0,0  295,96  2,10199999999999
295,94  2,26  0,0  295,95  2,10399999999999
295,96  0,23  -0,0  295,96  2,1059999999999897
295,98  -1,65  -0,0  295,98  2,1079999999999894
295,98  -1,65  -0,0  295,98  2,109999999999989
295,94  2,26  0,0  295,95  2,111999999999989
295,96  0,23  -0,0  295,96  2,1139999999999888
295,96  0,23  -0,0  295,96  2,1159999999999886
295,98  -1,65  -0,0  295,98  2,1179999999999883
295,96  0,23  -0,0  295,96  2,119999999999988
295,96  0,23  -0,0  295,96  2,121999999999988
295,96  0,23  -0,0  295,96  2,1239999999999877
295,96  0,23  -0,0  295,96  2,1259999999999875
295,96  0,23  -0,0  295,96  2,1279999999999872
295,98  -1,65  -0,0  295,98  2,129999999999987
295,96  0,23  -0,0  295,96  2,131999999999987
295,94  2,26  0,0  295,95  2,1339999999999866
295,98  -1,65  -0,0  295,98  2,1359999999999864
295,96  0,23  -0,0  295,96  2,137999999999986
295,96  0,23  -0,0  295,96  2,139999999999986
295,98  -1,65  -0,0  295,98  2,1419999999999857
295,96  0,23  -0,0  295,96  2,1439999999999855
295,94  2,26  0,0  295,95  2,1459999999999853
295,96  0,23  -0,0  295,96  2,147999999999985
295,98  -1,65  -0,0  295,98  2,149999999999985
295,98  -1,65  -0,0  295,98  2,1519999999999846
295,96  0,24  -0,0  295,96  2,1539999999999844
295,94  2,26  0,0  295,95  2,155999999999984
295,96  0,23  -0,0  295,96  2,157999999999984
295,96  0,23  -0,0  295,96  2,1599999999999837
295,98  -1,65  -0,0  295,98  2,1619999999999835
295,98  -1,65  -0,0  295,98  2,1639999999999833
295,94  2,26  0,0  295,95  2,165999999999983
295,96  0,23  -0,0  295,96  2,167999999999983
295,96  0,23  -0,0  295,96  2,1699999999999826
295,98  -1,65  -0,0  295,98  2,1719999999999824
295,96  0,23  -0,0  295,96  2,173999999999982
295,96  0,23  -0,0  295,96  2,175999999999982
295,96  0,23  -0,0  295,96  2,1779999999999817
295,96  0,23  -0,0  295,96  2,1799999999999815
295,96  0,23  -0,0  295,96  2,1819999999999813
295,96  0,23  -0,0  295,96  2,183999999999981
295,98  -1,65  -0,0  295,98  2,185999999999981
295,96  0,23  -0,0  295,96  2,1879999999999806
295,96  0,23  -0,0  295,96  2,1899999999999804
295,96  0,23  -0,0  295,96  2,19199999999998
295,96  0,23  -0,0  295,96  2,19399999999998
295,96  0,23  -0,0  295,96  2,1959999999999797
295,96  0,23  -0,0  295,96  2,1979999999999795
295,98  -1,65  -0,0  295,98  2,1999999999999793
295,96  0,23  -0,0  295,96  2,201999999999979
295,96  0,23  -0,0  295,96  2,203999999999979
295,94  2,26  0,0  295,95  2,2059999999999786
295,97  -1,65  -0,0  295,98  2,2079999999999784
295,98  -1,65  -0,0  295,98  2,209999999999978
295,96  0,23  -0,0  295,96  2,211999999999978
295,94  2,26  0,0  295,95  2,2139999999999778
295,96  0,23  -0,0  295,96  2,2159999999999775
295,98  -1,65  -0,0  295,98  2,2179999999999773
295,98  -1,65  -0,0  295,98  2,219999999999977
295,94  2,26  0,0  295,95  2,221999999999977
295,96  0,23  -0,0  295,96  2,2239999999999767
295,96  0,23  -0,0  295,96  2,2259999999999764
295,98  -1,65  -0,0  295,98  2,227999999999976
295,96  0,23  -0,0  295,96  2,229999999999976
295,96  0,23  -0,0  295,96  2,231999999999976
295,96  0,23  -0,0  295,96  2,2339999999999756
295,96  0,23  -0,0  295,96  2,2359999999999753
295,96  0,23  -0,0  295,96  2,237999999999975
295,98  -1,65  -0,0  295,98  2,239999999999975
295,96  0,23  -0,0  295,96  2,2419999999999747
295,94  2,26  0,0  295,95  2,2439999999999745
295,96  0,23  -0,0  295,96  2,2459999999999742
295,98  -1,65  -0,0  295,98  2,247999999999974
295,98  -1,65  -0,0  295,98  2,249999999999974
295,96  0,24  -0,0  295,96  2,2519999999999736
295,94  2,26  0,0  295,95  2,2539999999999734
295,96  0,23  -0,0  295,96  2,255999999999973
295,98  -1,65  -0,0  295,98  2,257999999999973
295,98  -1,65  -0,0  295,98  2,2599999999999727
295,94  2,26  0,0  295,95  2,2619999999999725
295,96  0,23  -0,0  295,96  2,2639999999999723
295,96  0,23  -0,0  295,96  2,265999999999972
295,98  -1,65  -0,0  295,98  2,267999999999972
295,96  0,23  -0,0  295,96  2,2699999999999716
295,96  0,23  -0,0  295,96  2,2719999999999714
295,96  0,23  -0,0  295,96  2,273999999999971
295,96  0,23  -0,0  295,96  2,275999999999971
295,96  0,23  -0,0  295,96  2,2779999999999707
295,96  0,23  -0,0  295,96  2,2799999999999705
295,98  -1,65  -0,0  295,98  2,2819999999999703
295,96  0,23  -0,0  295,96  2,28399999999997
295,96  0,23  -0,0  295,96  2,28599999999997
295,94  2,26  0,0  295,95  2,2879999999999696
295,97  -1,65  -0,0  295,98  2,2899999999999694
295,98  -1,65  -0,0  295,98  2,291999999999969
295,96  0,23  -0,0  295,96  2,293999999999969
295,94  2,26  0,0  295,95  2,2959999999999687
295,96  0,23  -0,0  295,96  2,2979999999999685
295,98  -1,65  -0,0  295,98  2,2999999999999683
295,98  -1,65  -0,0  295,98  2,301999999999968
295,94  2,26  0,0  295,95  2,303999999999968
295,96  0,23  -0,0  295,96  2,3059999999999676
295,96  0,23  -0,0  295,96  2,3079999999999674
295,98  -1,65  -0,0  295,98  2,309999999999967
295,96  0,23  -0,0  295,96  2,311999999999967
295,96  0,23  -0,0  295,96  2,3139999999999668
295,96  0,23  -0,0  295,96  2,3159999999999665
295,96  0,23  -0,0  295,96  2,3179999999999663
295,96  0,23  -0,0  295,96  2,319999999999966
295,98  -1,65  -0,0  295,98  2,321999999999966
295,96  0,23  -0,0  295,96  2,3239999999999656
295,94  2,26  0,0  295,95  2,3259999999999654
295,98  -1,65  -0,0  295,98  2,327999999999965
295,96  0,23  -0,0  295,96  2,329999999999965
295,96  0,23  -0,0  295,96  2,3319999999999648
295,98  -1,65  -0,0  295,98  2,3339999999999645
295,96  0,23  -0,0  295,96  2,3359999999999643
295,94  2,26  0,0  295,95  2,337999999999964
295,96  0,23  -0,0  295,96  2,339999999999964
295,98  -1,65  -0,0  295,98  2,3419999999999637
295,98  -1,65  -0,0  295,98  2,3439999999999634
295,96  0,24  -0,0  295,96  2,3459999999999632
295,94  2,26  0,0  295,95  2,347999999999963
295,96  0,23  -0,0  295,96  2,349999999999963
295,98  -1,65  -0,0  295,98  2,3519999999999626
295,96  0,23  -0,0  295,96  2,3539999999999623
295,96  0,23  -0,0  295,96  2,355999999999962
295,96  0,23  -0,0  295,96  2,357999999999962
295,96  0,23  -0,0  295,96  2,3599999999999617
295,96  0,23  -0,0  295,96  2,3619999999999615
295,98  -1,65  -0,0  295,98  2,3639999999999612
295,96  0,23  -0,0  295,96  2,365999999999961
295,96  0,23  -0,0  295,96  2,367999999999961
295,96  0,23  -0,0  295,96  2,3699999999999606
295,96  0,23  -0,0  295,96  2,3719999999999604
295,96  0,23  -0,0  295,96  2,37399999999996
295,96  0,23  -0,0  295,96  2,37599999999996
295,98  -1,65  -0,0  295,98  2,3779999999999597
295,96  0,23  -0,0  295,96  2,3799999999999595
295,94  2,26  0,0  295,95  2,3819999999999593
295,97  -1,65  -0,0  295,98  2,383999999999959
295,96  0,23  -0,0  295,96  2,385999999999959
295,98  -1,65  -0,0  295,98  2,3879999999999586
295,96  0,23  -0,0  295,96  2,3899999999999584
295,94  2,26  0,0  295,95  2,391999999999958
295,96  0,23  -0,0  295,96  2,393999999999958
295,98  -1,65  -0,0  295,98  2,3959999999999577
295,98  -1,65  -0,0  295,98  2,3979999999999575
295,94  2,26  0,0  295,95  2,3999999999999573
295,96  0,23  -0,0  295,96  2,401999999999957
295,96  0,23  -0,0  295,96  2,403999999999957
295,98  -1,65  -0,0  295,98  2,4059999999999566
295,96  0,23  -0,0  295,96  2,4079999999999564
295,96  0,23  -0,0  295,96  2,409999999999956
295,96  0,23  -0,0  295,96  2,411999999999956
295,96  0,23  -0,0  295,96  2,4139999999999557
295,96  0,23  -0,0  295,96  2,4159999999999555
295,96  0,23  -0,0  295,96  2,4179999999999553
295,98  -1,65  -0,0  295,98  2,419999999999955
295,96  0,23  -0,0  295,96  2,421999999999955
295,96  0,23  -0,0  295,96  2,4239999999999546
295,96  0,23  -0,0  295,96  2,4259999999999544
295,96  0,23  -0,0  295,96  2,427999999999954
295,96  0,23  -0,0  295,96  2,429999999999954
295,96  0,23  -0,0  295,96  2,4319999999999538
295,98  -1,65  -0,0  295,98  2,4339999999999535
295,96  0,23  -0,0  295,96  2,4359999999999533
295,96  0,23  -0,0  295,96  2,437999999999953
295,94  2,26  0,0  295,95  2,439999999999953
295,97  -1,65  -0,0  295,98  2,4419999999999527
295,98  -1,65  -0,0  295,98  2,4439999999999524
295,96  0,23  -0,0  295,96  2,445999999999952
295,94  2,26  0,0  295,95  2,447999999999952
295,96  0,23  -0,0  295,96  2,4499999999999518
295,98  -1,65  -0,0  295,98  2,4519999999999516
295,98  -1,65  -0,0  295,98  2,4539999999999513
295,94  2,26  0,0  295,95  2,455999999999951
295,96  0,23  -0,0  295,96  2,457999999999951
295,96  0,23  -0,0  295,96  2,4599999999999507
295,98  -1,65  -0,0  295,98  2,4619999999999505
295,96  0,23  -0,0  295,96  2,4639999999999502
295,96  0,23  -0,0  295,96  2,46599999999995
295,96  0,23  -0,0  295,96  2,46799999999995
295,96  0,23  -0,0  295,96  2,4699999999999496
295,96  0,23  -0,0  295,96  2,4719999999999493
295,98  -1,65  -0,0  295,98  2,473999999999949
295,96  0,23  -0,0  295,96  2,475999999999949
295,94  2,26  0,0  295,95  2,4779999999999487
295,98  -1,65  -0,0  295,98  2,4799999999999485
295,96  0,23  -0,0  295,96  2,4819999999999482
295,96  0,23  -0,0  295,96  2,483999999999948
295,98  -1,65  -0,0  295,98  2,485999999999948
295,96  0,23  -0,0  295,96  2,4879999999999476
295,94  2,26  0,0  295,95  2,4899999999999474
295,96  0,23  -0,0  295,96  2,491999999999947
295,98  -1,65  -0,0  295,98  2,493999999999947
295,98  -1,65  -0,0  295,98  2,4959999999999467
295,96  0,24  -0,0  295,96  2,4979999999999465
295,94  2,26  0,0  295,95  2,4999999999999463
295,96  0,23  -0,0  295,96  2,501999999999946
295,96  0,23  -0,0  295,96  2,503999999999946
295,98  -1,65  -0,0  295,98  2,5059999999999456
295,98  -1,65  -0,0  295,98  2,5079999999999454
295,94  2,26  0,0  295,95  2,509999999999945
295,96  0,23  -0,0  295,96  2,511999999999945
295,96  0,23  -0,0  295,96  2,5139999999999447
295,98  -1,65  -0,0  295,98  2,5159999999999445
295,96  0,23  -0,0  295,96  2,5179999999999443
295,96  0,23  -0,0  295,96  2,519999999999944
295,96  0,23  -0,0  295,96  2,521999999999944
295,96  0,23  -0,0  295,96  2,5239999999999436
295,96  0,23  -0,0  295,96  2,5259999999999434
295,96  0,23  -0,0  295,96  2,527999999999943
295,98  -1,65  -0,0  295,98  2,529999999999943
295,96  0,23  -0,0  295,96  2,5319999999999427
295,96  0,23  -0,0  295,96  2,5339999999999425
295,96  0,23  -0,0  295,96  2,5359999999999423
295,96  0,23  -0,0  295,96  2,537999999999942
295,96  0,23  -0,0  295,96  2,539999999999942
295,96  0,23  -0,0  295,96  2,5419999999999416
295,98  -1,65  -0,0  295,98  2,5439999999999414
295,96  0,23  -0,0  295,96  2,545999999999941
295,96  0,23  -0,0  295,96  2,547999999999941
295,94  2,26  0,0  295,95  2,5499999999999408
295,97  -1,65  -0,0  295,98  2,5519999999999405
295,98  -1,65  -0,0  295,98  2,5539999999999403
295,96  0,23  -0,0  295,96  2,55599999999994
295,94  2,26  0,0  295,95  2,55799999999994
295,96  0,23  -0,0  295,96  2,5599999999999397
295,98  -1,65  -0,0  295,98  2,5619999999999394
295,98  -1,65  -0,0  295,98  2,563999999999939
295,94  2,26  0,0  295,95  2,565999999999939
295,96  0,23  -0,0  295,96  2,5679999999999388
295,96  0,23  -0,0  295,96  2,5699999999999386
295,98  -1,65  -0,0  295,98  2,5719999999999383
295,96  0,23  -0,0  295,96  2,573999999999938
295,96  0,23  -0,0  295,96  2,575999999999938
295,96  0,23  -0,0  295,96  2,5779999999999377
295,96  0,23  -0,0  295,96  2,5799999999999375
295,96  0,23  -0,0  295,96  2,5819999999999372
295,98  -1,65  -0,0  295,98  2,583999999999937
295,96  0,23  -0,0  295,96  2,585999999999937
295,94  2,26  0,0  295,95  2,5879999999999366
295,98  -1,65  -0,0  295,98  2,5899999999999364
295,96  0,23  -0,0  295,96  2,591999999999936
295,96  0,23  -0,0  295,96  2,593999999999936
295,98  -1,65  -0,0  295,98  2,5959999999999357
295,96  0,23  -0,0  295,96  2,5979999999999355
295,94  2,26  0,0  295,95  2,5999999999999353
295,96  0,23  -0,0  295,96  2,601999999999935
295,98  -1,65  -0,0  295,98  2,603999999999935
295,98  -1,65  -0,0  295,98  2,6059999999999346
295,96  0,24  -0,0  295,96  2,6079999999999344
295,94  2,26  0,0  295,95  2,609999999999934
295,96  0,23  -0,0  295,96  2,611999999999934
295,96  0,23  -0,0  295,96  2,6139999999999337
295,98  -1,65  -0,0  295,98  2,6159999999999335
295,98  -1,65  -0,0  295,98  2,6179999999999333
295,94  2,26  0,0  295,95  2,619999999999933
295,96  0,23  -0,0  295,96  2,621999999999933
295,96  0,23  -0,0  295,96  2,6239999999999326
295,98  -1,65  -0,0  295,98  2,6259999999999324
295,96  0,23  -0,0  295,96  2,627999999999932
295,96  0,23  -0,0  295,96  2,629999999999932
295,96  0,23  -0,0  295,96  2,6319999999999317
295,96  0,23  -0,0  295,96  2,6339999999999315
295,96  0,23  -0,0  295,96  2,6359999999999313
295,96  0,23  -0,0  295,96  2,637999999999931
295,98  -1,65  -0,0  295,98  2,639999999999931
295,96  0,23  -0,0  295,96  2,6419999999999306
295,96  0,23  -0,0  295,96  2,6439999999999304
295,96  0,23  -0,0  295,96  2,64599999999993
295,96  0,23  -0,0  295,96  2,64799999999993
295,96  0,23  -0,0  295,96  2,6499999999999297
295,96  0,23  -0,0  295,96  2,6519999999999295
295,98  -1,65  -0,0  295,98  2,6539999999999293
295,96  0,23  -0,0  295,96  2,655999999999929
295,94  2,26  0,0  295,95  2,657999999999929
295,97  -1,65  -0,0  295,98  2,6599999999999286
295,98  -1,65  -0,0  295,98  2,6619999999999284
295,94  2,26  0,0  295,95  2,663999999999928
295,96  0,23  -0,0  295,96  2,665999999999928
295,98  -1,65  -0,0  295,98  2,6679999999999278
295,96  0,23  -0,0  295,96  2,6699999999999275
295,96  0,23  -0,0  295,96  2,6719999999999273
295,96  0,23  -0,0  295,96  2,673999999999927
295,96  0,23  -0,0  295,96  2,675999999999927
295,96  0,23  -0,0  295,96  2,6779999999999267
295,96  0,23  -0,0  295,96  2,6799999999999264
295,98  -1,65  -0,0  295,98  2,681999999999926
295,96  0,23  -0,0  295,96  2,683999999999926
295,96  0,23  -0,0  295,96  2,685999999999926
295,96  0,23  -0,0  295,96  2,6879999999999256
295,96  0,23  -0,0  295,96  2,6899999999999253
295,96  0,23  -0,0  295,96  2,691999999999925
295,96  0,23  -0,0  295,96  2,693999999999925
295,98  -1,65  -0,0  295,98  2,6959999999999247
295,96  0,23  -0,0  295,96  2,6979999999999245
295,94  2,26  0,0  295,95  2,6999999999999242
295,97  -1,65  -0,0  295,98  2,701999999999924
295,98  -1,65  -0,0  295,98  2,703999999999924
295,94  2,26  0,0  295,95  2,7059999999999236
295,96  0,23  -0,0  295,96  2,7079999999999234
295,98  -1,65  -0,0  295,98  2,709999999999923
295,96  0,23  -0,0  295,96  2,711999999999923
295,96  0,23  -0,0  295,96  2,7139999999999227
295,96  0,23  -0,0  295,96  2,7159999999999225
295,96  0,23  -0,0  295,96  2,7179999999999223
295,96  0,23  -0,0  295,96  2,719999999999922
295,96  0,23  -0,0  295,96  2,721999999999922
295,98  -1,65  -0,0  295,98  2,7239999999999216
295,96  0,23  -0,0  295,96  2,7259999999999214
295,96  0,23  -0,0  295,96  2,727999999999921
295,96  0,23  -0,0  295,96  2,729999999999921
